
-------- MEJOR SOLUCION --------
Distancia Minima: 11053
Mejor solucion: [95, 93, 87, 97, 57, 22, 70, 79, 29, 62, 37, 47, 85, 35, 34, 48, 58, 23, 12, 72, 30, 21, 82, 40, 53, 17, 41, 83, 59, 67, 56, 90, 1, 14, 69, 80, 19, 68, 18, 96, 92, 24, 61, 13, 64, 60, 84, 50, 49, 78, 6, 20, 52, 36, 16, 32, 31, 81, 77, 39, 28, 4, 73, 46, 38, 98, 74, 44, 43, 3, 76, 88, 86, 91, 33, 66, 65, 54, 9, 75, 8, 11, 2, 45, 5, 89, 10, 7, 55, 15, 63, 94, 51, 25, 26, 71, 42, 27, 99]
Mejor iteracion: 5607
Numero reinicios: 99
--------- ESTADISTICAS ---------
Distancia Maxima: 11902
Distancia Media: 11560.7
Iteraciones Media: 6557.4
Reinicios Media: 99.0





-------- MEJOR SOLUCION --------
Distancia Minima: 10789
Mejor solucion: [95, 93, 87, 97, 57, 22, 70, 79, 29, 62, 37, 47, 85, 35, 34, 48, 58, 23, 12, 72, 30, 21, 82, 40, 53, 17, 41, 83, 59, 67, 56, 90, 1, 14, 69, 80, 19, 68, 18, 96, 92, 24, 61, 13, 64, 60, 84, 50, 49, 78, 6, 20, 52, 36, 16, 32, 31, 81, 77, 39, 28, 4, 73, 46, 38, 98, 74, 71, 99, 44, 43, 3, 76, 88, 86, 91, 33, 66, 65, 54, 42, 9, 75, 8, 11, 2, 45, 5, 89, 10, 7, 55, 15, 63, 94, 51, 25, 26, 27]
Mejor iteracion: 1002
Numero reinicios: 99
--------- ESTADISTICAS ---------
Distancia Maxima: 12112
Distancia Media: 11528.7
Iteraciones Media: 6286.7
Reinicios Media: 99.0