0.844421851525
0.75795440294
0.420571580831
0.258916750293
0.511274721369
0.583382039455
0.908112885195
0.100701208068
0.191067091502
0.567510740621
0.238615928615
0.96754025029
0.80317946928
0.447969571436
0.0804458185525
0.320054604673
0.507940642521
0.932833824227
0.109057845931
0.551267246091
0.706561409867
0.547440911328
0.814466863291
0.54028360697
0.963838545974
0.603185627961
0.444989026276
0.596286861583
0.384901145973
0.575651014165
0.290329502403
0.189391328554
0.612773179869
0.0898243611956
0.757603921966
0.876770370823
0.923381015946
0.391296050235
0.705283399854
0.275634121312
0.811628708508
0.589801183531
0.949764873232
0.0823729881966
0.612783105041
0.731489220791
0.117134293209
0.220460536868
0.794582971711
0.100607520216
0.146358488912
0.370139940335
0.980516650647
0.0363920376115
0.96103128024
0.425618831967
0.101500219374
0.259919889793
0.220829271316
0.646925719835
0.350293967397
0.18031790153
0.50363650521
0.0393787070847
0.988235148723
0.199355790467
0.358555301312
0.731598306225
0.838326565193
0.918482061995
0.169424606097
0.672640563573
0.966548903043
0.0580509438265
0.676201784299
0.845424593702
0.342312541079
0.250687339285
0.596791393469
0.442314033699
0.174819484451
0.471625415096
0.409905395658
0.569112739524
0.508600130063
0.311446001
0.35715168259
0.837661174369
0.250932664822
0.560600218854
0.0124363188293
0.741574377411
0.335916554473
0.0456964935684
0.280883164218
0.240130407826
0.953129339828
0.359201197254
0.946905835658
0.633747852249
0.715619350301
0.388017235313
0.650832862263
0.00152422185672
0.192309541245
0.334401690663
0.239415960186
0.875423391713
0.56815142091
0.414406396684
0.701829623934
0.0467796859568
0.445352189719
0.259226923447
0.157686572122
0.527573130168
0.561404925614
0.755484767259
0.883875154249
0.494582670375
0.312058246417
0.466892235353
0.80904585736
0.87501633148
0.188001294051
0.999420359455
0.633088759918
0.0834670501757
0.725554355461
0.986821480205
0.401816822213
0.678515005242
0.316177137221
0.213524662065
0.717324143311
0.00235756471935
0.822731410531
0.118903894785
0.649265424896
0.8736538239
0.279982743327
0.978515186773
0.100180689064
0.853938109597
0.396696177331
0.0813454167682
0.274713843419
0.749134823391
0.655361864675
0.712357652516
0.902710150619
0.537928783732
0.207844103691
0.587125504695
0.00889708204908
0.151023173864
0.33340838803
0.981914070125
0.289530853636
0.394791982988
0.548484296573
0.0708628840943
0.403169146445
0.479086519152
0.699595291151
0.903010707541
0.451611792687
0.988689888986
0.148402017086
0.962566463255
0.818118380918
0.27697024578
0.558181588393