681
1864	1900
882	354	1067
1918	900	761	1631
1127	1915	1031	537	633
517	416	721	1371	1865	691
1831	1418	1322	586	1161	520	1011
320	1722	544	1037	495	801	1450	1513
1886	997	785	1070	1450	555	228	1009	1205
453	1927	637	752	1437	210	1852	202	827	1426
355	979	281	1052	1209	1697	583	1746	295	643	1366
131	1593	1384	1520	91	1171	960	904	812	1010	390	862
566	863	352	1100	1766	1420	1683	1762	118	649	259	560	124
1892	54	1754	60	1901	1351	723	593	1717	428	424	1424	72	1599
659	660	264	1785	1581	1297	1070	1601	1567	491	542	1795	574	1266	698
1873	1146	934	1551	1199	1849	602	523	292	573	1623	769	173	1431	1098	1685
1167	614	1546	113	839	1717	1647	903	838	1248	638	512	98	77	1101	575	1513
1429	665	1054	1258	1313	1123	830	606	356	1921	1184	1152	519	1845	633	228	789	1677
1045	1180	798	354	1310	1806	1408	554	578	227	161	59	1732	1315	725	936	518	1469	354
877	1348	1600	795	730	725	59	1149	181	1939	61	59	748	1092	1590	1676	904	1861	994	1195
1658	1358	450	726	488	1053	1504	1709	1500	1274	712	118	1522	1869	1497	1895	1570	180	303	1298	500
1392	829	1811	1690	480	337	1650	1613	1868	1901	784	1873	762	1234	914	1762	1138	456	82	171	622	1351
612	1177	1325	843	760	729	414	1551	1352	155	1009	127	54	574	221	1951	1067	1936	112	1126	277	1433	1224
1521	286	709	259	165	1886	655	1237	1188	133	1572	1082	1687	562	150	1394	1687	621	1231	394	662	471	1812	1047
1113	1797	1890	1819	492	1875	1571	1761	921	920	298	1852	1599	1225	469	1791	1576	1355	110	521	1045	487	83	1163	324	
1025	1328	1645	1376	300	1913	1650	156	934	1223	382	894	1741	1704	868	1860	297	1282	123	600	1386	987	1313	531	1707	184
82	1926	543	1288	1049	241	299	869	706	1261	992	990	335	840	287	1065	135	375	1561	1745	1696	1707	819	1318	149	1802	572
766	1106	1037	1924	83	1780	195	567	1454	541	340	1870	1549	397	979	330	871	923	546	148	58	1317	1466	1628	407	402	1871	455
1699	574	1746	556	1163	1060	1745	672	484	923	1178	1859	1382	745	1126	129	902	327	1642	1021	1497	492	1588	184	1769	775	190	1187	643
1830	778	763	1612	396	1311	1667	1124	677	1084	244	1670	1781	830	1181	343	356	942	967	1305	1717	52	1728	959	442	953	1350	1366	1849	58
1528	1144	1692	283	431	1077	1493	758	738	892	942	1646	1270	1507	936	1843	67	838	538	741	1396	1748	493	1491	778	285	94	898	487	199	1465
679	357	1782	751	1376	1350	1392	1547	967	866	836	457	1607	501	104	1128	57	1051	1698	1027	979	1908	738	806	1168	1521	862	770	1806	1074	1017	64
631	821	373	627	980	884	235	1928	733	1331	576	790	972	550	141	1739	1460	1796	1408	54	668	1740	905	623	808	1920	1499	1539	1424	481	825	386	904
1762	887	332	1845	419	1104	1741	1109	526	311	1080	1527	816	1027	1568	1746	135	1914	776	368	1960	101	413	1417	70	1243	1894	1479	547	1268	1767	1269	1462	1505
1281	1433	1174	645	1770	939	244	616	545	363	1326	1946	161	1414	934	266	403	611	463	1484	1778	807	1813	723	1563	579	1854	883	199	1463	88	443	803	697	68
1154	117	1395	942	1882	1464	1956	1887	64	490	610	1296	627	539	270	676	46	297	817	1323	855	767	159	581	1882	1169	220	886	682	504	1713	988	605	51	1592	576
621	295	892	1628	1965	1110	946	812	1472	684	114	1965	640	1080	326	230	1319	1747	1627	1890	1445	173	583	1041	1363	1139	375	409	577	291	937	591	1931	769	763	947	268	
428	1722	803	179	1402	1101	130	281	954	1912	327	452	114	704	555	690	140	360	1189	1294	1121	1962	1205	1922	1063	921	1555	573	1483	622	458	1338	317	146	105	1287	665	755
687	1190	170	426	702	1289	558	1441	910	798	742	601	741	1893	665	1474	325	1657	725	1640	1581	1942	1487	1886	592	1267	208	871	85	167	878	1620	1084	1023	1941	1361	197	1683	1467
448	1748	926	1787	1191	1579	1294	315	378	1582	795	146	1413	134	816	1433	1292	744	1526	1886	828	962	828	1888	1309	969	1542	852	1227	1209	1112	1431	1847	769	1132	894	682	702	851	1894
376	1311	1526	361	1836	528	1547	343	560	1856	515	370	446	1152	1864	1427	1157	53	1690	1490	1574	534	1483	1119	707	1309	990	1585	1131	1348	339	983	1447	677	1465	1182	381	1597	792	441	1765
1103	252	787	1408	1584	689	87	1493	1543	360	1109	1889	1294	1213	1274	458	159	366	1175	1927	1008	950	1221	159	1365	1625	1932	396	620	466	903	1671	1440	426	82	903	879	1621	243	1568	1306	300
1467	292	607	49	487	873	806	1523	253	75	1798	178	1219	1360	1904	659	1254	1001	1291	1111	1588	1815	1479	359	1222	1845	390	268	1873	591	716	1401	377	911	1908	1335	530	260	1106	1271	494	1059	999
1930	808	586	192	1467	1365	1511	1490	1737	597	317	682	889	994	1944	1577	442	1338	454	1675	941	1558	126	1214	1526	949	1417	1501	1472	1893	1421	1289	1158	1191	1572	1769	426	324	572	545	366	1311	261	56
258	1397	49	1493	554	285	1483	1187	414	510	1089	1805	675	249	228	411	1864	972	864	85	1632	663	1362	1549	1119	945	1882	1022	1665	1684	895	743	1521	1247	1941	827	1796	1773	846	1544	669	1855	1377	1730	578
1183	388	1324	483	782	303	1854	1848	1498	1522	611	1929	1567	547	1134	1504	766	1701	720	393	1558	409	444	1058	1124	832	184	1310	789	591	1479	243	1073	1658	834	1943	687	903	133	485	1503	1881	240	382	1826	1589
1393	1555	323	951	1833	1237	750	866	548	1788	1266	1718	277	610	140	1886	1696	1846	1386	855	145	785	1444	1326	417	821	1480	1908	1609	1952	1406	1846	1784	1407	1541	1224	1148	50	334	1264	1938	1609	392	112	1205	1575	1100
1447	1540	1265	561	1706	1181	939	548	1889	1428	1354	1810	1658	1211	1666	594	270	926	402	926	523	1205	474	555	1792	834	847	1965	892	1917	1221	973	89	992	59	1630	319	1589	1923	707	900	1097	1426	397	329	708	1618	1481
1478	1738	1423	1301	692	975	892	1506	762	1304	281	244	379	1790	998	1735	1950	220	347	356	767	301	287	989	404	607	216	836	231	316	1910	160	1382	700	1895	1719	278	234	395	181	614	1148	1396	904	339	1270	1381	1335	1302	
295	186	360	1271	1039	939	756	1211	660	714	1722	385	459	992	1280	1446	1797	1285	1205	461	1496	666	1596	881	725	1411	96	1784	485	1700	241	1863	1847	717	301	263	1720	328	923	718	1062	1589	382	501	1564	453	902	791	1191	95
1550	1944	1606	304	827	1591	1544	1068	1000	1034	1525	342	273	1018	1269	1939	1127	461	1461	335	446	693	1111	374	981	311	1831	1491	1350	272	330	1622	1386	1799	106	296	465	374	1555	595	1703	1658	1662	1853	1400	1279	1701	1115	525	1272	1778
240	1613	1723	1316	603	728	240	1296	123	1500	389	894	401	133	759	1605	572	379	1838	1759	57	1509	1023	1813	1500	472	571	1920	1874	940	1776	391	199	175	699	129	112	1852	506	895	1365	1929	1610	915	138	1856	1127	1032	515	1150	857	1076
649	76	1878	1914	1875	639	574	1699	1200	735	1711	1612	879	858	86	1798	1468	73	1749	1416	1211	1597	1801	1866	999	1302	843	142	103	1865	1059	1809	1837	750	1523	1419	1208	1655	1326	846	75	1802	1199	238	1759	1490	1953	1042	970	374	1167	1424	1879
1829	469	1668	187	846	551	1787	546	1136	70	1699	1122	534	384	396	1650	1637	1211	1929	722	935	1250	1175	1925	1813	157	695	206	1168	1723	262	502	1368	1899	1799	1428	338	1948	1066	1887	1327	713	68	1666	1318	1295	1248	1897	1193	1599	646	1015	1578	347
1892	1832	490	722	950	1251	1798	102	650	751	1369	1626	1178	110	1793	88	244	632	1003	829	1203	1277	1330	831	621	1196	1292	1449	1869	404	1872	1017	1051	1479	1769	595	1693	1365	1839	345	91	1760	1510	497	1907	400	820	795	324	816	340	1370	1316	661	1775
282	473	1514	405	672	151	1747	1827	1342	1632	233	107	1462	358	1450	431	825	1281	340	791	350	1017	1319	1256	621	881	1102	1926	1218	1291	621	929	1017	1523	816	1031	1476	1888	1697	481	752	233	1343	244	953	1153	895	91	176	1582	1100	675	1760	333	546	1577
1478	792	1415	861	377	649	1779	859	838	1065	1347	1416	1069	301	1162	312	1956	1452	790	332	1778	669	66	579	885	720	1605	1449	1919	1108	1323	1564	1337	561	119	1778	165	1423	1352	386	1336	591	1294	1838	1304	282	1910	437	412	401	1712	1335	771	1906	653	1015	1206
673	1827	297	1626	325	1043	362	1650	521	1414	1817	740	1941	558	138	1519	826	472	59	539	1831	63	784	50	1005	235	547	1807	315	60	1636	1879	848	254	457	1279	1080	152	954	442	763	497	1226	1355	513	385	280	986	57	185	1084	625	302	1450	1220	1587	1139	633
165	1555	725	395	538	230	529	1288	1100	871	1956	802	1744	1581	1331	498	1194	1403	1342	1122	1357	1591	251	829	1078	1913	662	1319	594	197	1029	667	931	968	1386	1522	1413	1588	857	537	89	1340	1786	1698	941	523	671	1458	916	298	210	445	1753	265	1086	899	217	658	1343
1129	309	1229	1492	1019	836	929	975	1533	429	1706	676	1262	1670	1500	1167	1790	1378	1302	593	349	869	256	1217	1802	433	1101	802	832	428	185	1361	438	150	348	1636	550	123	897	1942	523	449	1157	1313	691	163	435	1702	1328	1896	752	1037	397	1533	179	1206	500	928	1547	592
1732	795	1070	869	1930	1455	255	1422	1592	985	340	1314	1171	80	948	1690	1054	823	1891	928	729	1831	1360	1263	56	1158	1506	332	1903	1953	1951	1374	1685	296	868	1707	1531	1485	1408	514	678	1771	1892	129	1588	1857	1678	1695	370	1611	393	416	429	544	1758	923	1255	1530	1961	660	416
880	1123	59	623	151	580	1751	728	1433	338	1557	652	662	1013	1432	337	365	895	1946	354	525	1039	190	1317	1371	362	911	1566	735	57	1883	1943	1487	1572	186	338	67	57	395	225	1456	555	1729	1054	203	1232	1157	1052	1752	679	751	1196	1619	637	272	826	410	1610	1612	1340	363	348
1435	988	891	1608	1456	1156	1071	432	896	752	1187	770	199	670	528	210	1700	1395	173	1631	497	1318	879	641	1525	1281	703	1601	344	1901	1757	132	1295	799	696	734	803	890	1696	1511	1930	1805	1607	1591	1423	1285	423	1947	260	1509	1380	692	455	1155	1688	233	735	283	631	999	366	1502	1826
1722	178	772	1354	815	363	457	290	427	1066	504	1750	550	75	792	141	594	1840	1631	962	1570	1883	1415	1545	1619	1128	254	1525	1258	1715	1249	1296	1819	894	985	1262	1620	1605	1270	1470	1899	1683	1958	580	706	707	1752	1071	618	1259	188	1596	501	739	452	1962	144	1699	238	764	111	141	1955	1435
1733	756	1163	319	1130	1908	102	516	328	1553	1723	810	425	1009	73	1092	906	326	1538	803	1294	253	724	569	1727	812	509	815	502	1275	857	1266	102	642	1004	1937	144	1459	1061	1553	1450	1285	613	912	347	1019	1529	337	1858	631	1821	1511	1231	1869	224	1407	1261	721	1612	193	1155	1931	485	1477	184
1444	988	1908	1024	89	971	1547	440	1482	697	686	1638	1471	1549	640	568	661	1253	987	497	1045	822	107	249	103	1573	1395	557	423	1669	1871	948	812	99	1411	504	1915	604	1720	847	1281	352	1268	988	790	1381	1391	1268	116	333	1651	1065	1272	1647	1253	1039	802	1676	203	252	879	1021	1489	1624	1041	87
1729	1172	230	941	1521	934	859	1812	361	1428	1292	309	447	366	1177	369	1800	1297	515	792	670	1380	68	1270	852	688	804	111	1068	237	289	1754	1960	132	321	1528	1923	1510	186	971	293	1749	1662	1543	1878	1528	793	401	498	467	1390	1687	685	484	275	974	71	1409	429	46	1465	970	1589	1085	1528	1523	1637
1774	527	629	1116	1705	1371	750	1689	710	1310	99	413	1612	983	266	1291	1471	144	70	47	111	151	359	1386	948	639	1833	874	1920	1253	652	270	1422	956	1210	605	520	760	1671	100	1208	1395	1573	1395	1695	929	808	1482	612	342	909	281	123	378	331	1355	715	236	585	972	1523	353	1009	1259	1116	184	903	1176
680	101	1242	205	776	1347	1648	1655	765	1542	714	169	1529	1490	53	203	1929	724	274	607	79	682	1687	1862	994	755	236	775	1613	854	1063	1213	1585	984	772	557	1878	521	1329	400	1270	1338	492	80	303	892	929	1520	1158	474	1233	1486	1346	210	1105	363	1676	1739	158	1672	454	1473	783	1923	1836	1328	103	1265	1280
164	370	1213	1428	907	63	1413	1263	1121	419	1615	984	337	184	79	515	848	676	572	855	540	757	53	1295	1674	1394	1346	1554	154	1614	1825	1005	447	474	1150	1113	1814	94	756	524	1270	197	795	1070	1231	1224	1203	979	93	750	1312	1064	514	1798	1481	703	1503	1084	503	849	1634	1765	1009	1332	739	1192	1477	1277	727	1675
1879	1639	1197	926	796	948	657	1959	856	1907	1500	1708	1505	1535	1176	1138	460	575	491	247	1575	1302	453	1411	621	656	360	1000	1090	555	784	1670	987	1193	995	185	1824	963	1959	978	907	743	269	1845	1180	225	213	221	1606	1567	978	489	1458	1480	1874	1315	682	695	1231	207	1014	1277	1004	1632	1742	1201	1966	1915	959	706	1576
1599	1186	1859	1766	692	1029	1047	1351	1790	415	1442	1725	51	275	1808	566	137	1189	1909	896	1564	616	1220	1427	1152	1257	281	1199	1668	1063	72	517	845	1388	996	246	106	1938	485	1700	1371	873	238	1010	1008	1029	1019	1223	430	1718	1283	1334	1528	1717	207	491	1061	672	1554	1092	821	1882	888	280	1785	1428	433	819	646	1601	1194	199
825	1397	300	86	67	631	461	911	814	815	297	702	1335	1914	1849	953	1169	471	1669	1193	553	1680	1702	498	368	1177	559	1829	1436	1542	1720	1099	1908	1215	250	190	946	1168	806	1821	716	1157	459	1607	1675	1043	51	1191	562	712	453	1447	1658	1646	1834	1674	440	1841	71	1811	806	1035	1298	484	1239	1302	231	936	1925	1542	1224	321	886
1787	1843	471	365	243	432	391	1677	789	925	942	1807	989	994	1087	1136	978	1182	1182	1082	1666	606	767	1425	1133	977	1674	1721	1797	1110	718	1359	79	1268	601	349	496	264	1656	606	505	1588	1395	1690	262	1488	425	1692	854	1018	364	1562	354	1819	489	1061	148	638	541	484	1336	1791	1226	818	424	1689	930	900	1118	1926	1214	78	1361	977
1211	366	1113	271	838	1387	1353	1220	406	163	737	1016	1513	1941	1896	1599	1951	175	1922	1436	232	933	200	1055	1225	711	420	1504	1011	304	1485	538	380	256	415	580	1328	508	962	578	860	177	881	1794	1604	1712	1666	1906	704	339	220	483	595	1644	203	1056	199	238	472	1649	82	1312	1171	731	585	1501	324	1914	767	822	1512	331	674	599	643
686	781	1940	95	780	1868	350	1101	1463	976	1492	609	1184	126	516	538	1074	1441	1611	590	1909	411	1393	1740	783	320	1357	543	944	227	1182	1375	1079	459	1095	520	1401	124	1039	1761	1384	1243	225	1083	786	204	286	1932	1911	1312	1375	469	939	1450	361	648	169	792	821	81	1938	1898	1781	1948	1380	669	883	824	1521	1169	762	1370	1003	1919	1067	1370
1391	786	539	1795	209	1621	1555	1726	220	1805	162	1901	862	1226	1104	779	805	1142	1778	1393	1893	1748	303	1533	1730	1379	261	234	1122	1732	1465	1768	639	1480	70	237	706	1150	1346	46	507	902	393	810	1460	757	1912	1134	1467	629	1065	854	1018	505	1966	130	1039	314	1584	386	1206	100	1012	1363	1340	776	1480	333	959	1242	846	989	1348	1456	875	1790	143
563	331	1710	730	1235	1017	74	651	762	1338	1659	201	952	996	767	779	164	706	693	633	784	1425	717	916	728	1754	797	547	612	1556	1761	399	342	624	1116	824	403	1555	430	1816	612	1900	1333	585	950	202	845	859	1157	148	1091	1439	824	1141	449	1260	1045	1676	487	1753	1509	959	1015	1164	1080	379	1433	273	344	548	629	1014	487	489	1748	1380	177	1099
651	793	868	523	1561	1184	1414	1031	1148	1865	768	241	918	911	1381	1162	949	1466	1457	550	205	465	1763	1242	1255	953	706	1205	1625	139	1721	984	640	614	1893	753	1211	1895	1887	1162	1117	1377	1494	1016	1350	716	1337	504	1538	1641	204	841	806	162	751	1524	1686	872	923	351	1852	239	1485	1414	1072	1054	1741	1878	894	1591	53	1659	1831	591	912	1036	961	253	1556
1589	1605	247	551	1268	692	1702	1003	1345	760	938	945	99	311	670	1275	236	99	665	61	779	1619	1211	1145	1826	531	400	218	1185	1585	1735	1113	1473	955	1413	682	1418	169	1246	975	534	274	1122	755	1275	538	1605	460	1483	1531	1302	1266	466	402	774	1758	840	83	904	1767	754	1650	1305	800	461	1000	639	135	483	45	506	358	546	658	357	1085	950	1649	1828	924
91	1370	1484	594	1670	1059	891	361	84	828	677	1514	1950	612	301	1695	1541	1305	1921	888	762	824	624	396	1254	1298	955	1384	1388	712	581	54	1577	511	961	584	1448	1541	902	1193	179	445	636	300	483	854	1358	1658	1310	1323	1948	607	868	780	1557	637	214	685	1900	203	1222	940	461	378	1379	1117	1709	1493	574	880	969	1423	274	1966	1619	1541	1623	46	1772	1646	1019
422	570	1122	974	653	1590	754	1049	486	1471	1814	787	1261	1040	543	85	1298	1456	1632	1700	1699	107	333	1864	788	1055	543	968	569	273	1242	470	290	969	1955	1216	369	839	313	571	60	957	895	1738	934	996	243	944	1542	1555	1194	1433	156	1908	1091	839	1025	910	1483	225	1317	1238	1637	1071	1533	885	1711	141	327	1441	1270	1701	214	1734	903	1594	614	1725	117	1825	1383	1432
358	826	238	809	108	1006	1535	1707	1947	1388	227	1157	241	1116	1687	236	231	1409	1851	224	971	1386	1849	1120	776	1916	1478	1833	1229	415	790	1298	390	1145	1870	364	253	1155	341	1904	194	48	554	660	1643	1023	1209	155	1729	454	1901	1073	78	1878	387	475	1837	1758	658	59	1137	753	1538	908	1163	720	1733	1404	60	1441	1646	1038	1836	1328	526	647	1168	364	1428	1851	1626	1310	1403
185	173	1577	1032	916	1276	118	801	1624	1260	1285	1168	325	1060	649	992	724	1532	810	129	243	1360	220	155	1535	762	1181	1426	1406	1159	215	1295	1412	1575	161	979	1250	1385	1825	1315	1051	1456	1694	908	1510	919	1894	315	302	1291	103	1696	1614	1301	1244	1350	856	1364	158	1944	73	1548	1258	542	926	182	1852	76	1178	1732	1009	1880	1814	1140	1000	1924	1467	556	1919	1267	94	821	1328	474
338	773	571	708	551	281	1590	1602	694	709	248	1937	743	558	962	1921	106	1067	1721	810	537	1698	1937	1186	1649	976	492	343	1577	658	1808	1086	631	392	353	45	1286	1806	1526	250	894	162	1231	939	936	750	1081	75	639	1747	1489	247	422	352	1940	1137	1697	266	990	1638	1301	1215	1949	623	478	1866	359	1018	171	527	1300	756	1949	1039	78	1305	866	1242	1787	1171	1320	1099	1817	262	226
682	1846	1485	812	1507	1303	1583	1864	886	1208	261	270	727	653	1762	640	65	1326	681	1614	458	1738	1742	460	95	1854	1388	954	1573	836	541	1764	867	1822	1640	1751	1186	1200	1045	894	315	530	771	1799	349	1473	473	952	916	1252	557	1950	1662	858	598	1815	1036	1763	68	1168	269	1002	161	326	1099	1029	747	404	1079	1394	523	1327	1826	1113	1622	682	253	1030	154	437	1027	884	844	193	1255	1674
1058	1854	1321	357	466	793	615	757	1263	751	1276	1481	774	1863	715	1651	1559	420	926	719	991	985	382	1929	697	1272	1966	964	1440	812	1099	1050	141	1062	837	1194	853	1577	1520	746	1852	564	1247	822	1457	1606	1247	1536	564	1428	147	1692	1618	1393	1939	583	1702	670	251	578	1452	861	1834	1542	1837	1940	1825	529	643	1927	1308	545	114	695	126	499	543	1596	93	94	356	537	323	249	1040	1223	403
237	1483	904	496	1583	1948	1538	672	288	1540	905	1619	1432	416	391	1379	737	1586	1285	1394	1069	809	1477	188	188	446	1934	230	1828	1230	961	792	1860	1081	865	792	1251	188	183	306	1872	508	296	1202	732	859	1738	1796	290	908	853	1636	1163	1798	1950	885	508	1643	1025	1114	159	1559	516	1522	1766	1721	1669	865	618	675	277	584	936	1199	518	865	89	1510	1928	1726	1607	234	1787	1287	941	349	174	120
1409	335	1318	1731	1824	112	1401	1468	1862	409	55	316	592	1085	965	194	157	316	1295	1365	1408	471	530	1289	167	1181	1005	1715	1829	1393	70	1942	640	454	538	552	277	1242	1198	1684	511	1599	558	420	433	247	1702	1947	349	1241	1842	1243	294	155	1781	1858	1916	1060	52	1948	929	1347	360	739	1478	1314	1786	718	1186	163	1216	356	213	1557	553	779	509	266	666	1864	831	1708	1050	1597	1542	243	874	691	1344
1718	94	1710	565	1462	690	1724	133	1004	1803	314	462	210	593	286	859	957	798	310	165	181	1376	1841	1347	1542	640	1545	971	999	1789	1198	477	1961	1214	631	409	1096	1184	1612	1357	1625	1515	1583	1891	1271	1721	1306	289	365	284	664	837	1621	1199	1506	210	98	431	1268	1734	1470	1795	636	1736	1531	1028	605	630	473	1095	1841	1064	292	1795	1358	1558	372	737	808	534	1061	1734	1271	194	884	1227	380	1330	424	1487
94	322	904	1441	1498	412	1458	1159	1763	796	880	1780	216	1190	1710	1141	259	1782	943	1611	1139	1743	869	622	63	1773	279	569	577	1802	1391	213	554	107	1216	164	1671	113	1422	416	610	277	426	1816	971	1733	868	249	1388	850	1954	1590	328	1188	1775	1363	1621	530	1886	511	1485	1886	1464	600	458	1321	1746	643	753	973	1341	453	712	310	1526	516	1104	1421	1863	744	1145	490	480	240	475	1516	223	573	708	1081	189
861	1390	1077	416	638	138	1749	847	367	266	982	1886	1942	230	1299	1923	847	755	1792	1753	256	1324	813	503	98	1850	555	305	1756	1474	902	1831	1167	1354	1196	1310	1772	1682	1672	1502	906	791	1958	628	490	251	136	853	1667	1252	1040	395	330	623	423	1461	936	466	172	1153	1179	964	70	98	381	1519	449	1325	1776	534	590	1931	550	971	981	1831	617	210	483	679	292	1175	1221	1760	266	980	1091	1345	1782	1540	1316	444
1842	639	227	1935	1243	932	1579	106	447	628	1923	1531	1834	571	377	869	1872	1727	66	1287	1922	1350	196	1305	178	682	385	865	276	543	753	594	962	1837	685	1272	1666	220	746	935	1775	431	1732	938	969	282	916	1947	1242	506	922	216	1062	490	703	1665	1246	104	218	1618	1729	1219	1666	1161	1118	246	593	301	1068	1066	546	788	1763	1606	678	1822	1938	409	236	1340	416	1732	900	1397	1618	1533	935	65	223	790	718	1803	819
333	498	1172	418	494	967	1359	649	1085	1580	500	1632	957	1462	1852	1542	797	1791	877	798	268	716	727	710	1166	1791	841	1076	993	1340	1527	1213	309	1248	1273	72	290	1519	680	1058	949	622	1476	235	1841	1040	1954	1278	590	1218	1657	97	1648	1514	1353	817	841	101	918	971	1253	1922	1578	586	1635	1726	170	839	975	845	1216	241	840	1674	83	1887	674	770	406	1294	1223	604	375	833	1806	801	742	1200	1588	1141	1488	145	615	1782
186	268	1808	1929	665	935	353	482	256	1554	825	1114	164	1523	854	697	616	515	798	690	1798	1849	1884	1227	491	1765	1778	55	928	1353	245	1766	1665	1153	1114	331	427	1823	1671	1270	192	1599	1084	890	243	563	590	713	957	471	1243	773	335	555	1507	609	418	1145	1565	1433	419	640	325	728	1558	474	731	848	1147	1551	1190	1942	624	1475	1032	1066	410	966	150	779	977	984	949	1408	1932	307	1241	1030	1516	88	246	1679	432	12	1295
1587	434	1897	1895	690	844	531	385	590	594	1733	215	1222	84	1308	1740	748	1438	107	903	1924	1497	912	327	57	1856	531	497	1438	254	429	1170	599	318	1645	513	85	1899	1244	1440	359	551	1960	1775	794	1237	1200	1654	257	1639	400	396	50	652	641	1454	1424	567	1043	1344	1704	1660	1277	1948	304	1042	1546	1698	610	467	1843	1896	1100	618	1591	1164	1623	920	216	1248	286	505	243	491	1959	1749	425	760	791	286	1519	1621	25	448	1876	1852
568	1447	264	1145	1933	323	295	1225	1224	1096	905	71	1189	1936	368	1033	396	1489	1664	550	189	323	1545	97	1499	1465	1491	560	453	1110	647	696	1121	420	265	1841	646	1252	102	1639	819	954	285	255	180	1244	1900	642	1442	1755	412	1248	321	752	347	1793	903	70	1009	757	598	1235	953	1025	396	1003	146	1168	881	1279	1480	784	1225	1854	1299	1506	1915	1623	214	411	772	1640	600	702	1161	1673	692	65	503	1437	744	242	448	421	1423	1223	1096
1543	479	1857	433	685	439	164	1777	1437	386	1255	253	1386	1453	983	455	1105	54	1798	1181	631	1504	809	63	127	1787	393	1746	1426	693	139	1479	1343	158	919	191	437	1108	99	225	159	1120	1378	1105	1862	1694	1281	495	994	669	668	1251	561	1423	1591	1404	510	240	472	667	1574	1448	296	393	1461	1425	1452	1575	327	586	197	1042	1102	341	131	1688	1534	1526	118	955	1800	1561	1294	905	1113	165	665	678	1270	1245	1221	160	498	1552	733	1411	184	1674
111	604	415	1860	1218	1711	1890	1351	1079	1035	904	832	1196	308	1371	1884	872	1562	1470	1005	1445	467	1435	287	283	1243	961	151	1591	1215	332	802	597	376	707	232	329	742	1032	1905	1248	1108	1717	1752	110	495	552	154	80	1674	360	666	942	585	1098	127	1116	1011	1641	1844	366	727	1414	978	1409	537	1128	1104	139	562	1574	85	1081	1145	387	986	1020	714	1906	454	707	1164	1108	173	426	803	847	402	727	677	293	1345	557	135	988	986	1465	590	1372
